40830,386,583
40120,304,554
41120,311,690
41270,268,707
41080,247,707
41230,250,677
40130,227,708
40580,368,365
40910,165,677
40990,131,690
40240,79,692
41430,37,693
40450,0,694
40680,447,689
41240,641,459
41440,640,569
41420,641,621
41200,715,609
40660,558,623
41060,333,592
40290,161,596
40010,423,316
41260,470,322
41320,619,622
40060,615,475
40340,728,609
41380,744,608
40440,375,519
40570,568,514
41360,461,515
41250,973,542
40280,470,343
40780,374,469
41000,372,677
41690,372,689
40170,464,588
40710,497,665
41410,495,617
41450,496,684
40970,425,394
40420,369,394
40480,467,395
40630,517,676
40380,465,677
41160,465,650
40430,436,652
41670,463,465
40720,165,739
40230,746,164
40090,695,559
40210,376,566
40590,534,562
40050,927,547
40690,910,552
40140,902,377
40530,599,622
40320,515,589
40390,432,215
40520,945,547
40870,694,502
41220,577,623
40510,207,709
41170,208,677
40490,481,636
40330,482,685
40760,773,607
40940,161,644
41130,354,635
40980,430,241
40750,740,236
40020,468,250
40850,440,684
41490,432,686
40900,845,573
40810,437,571
40300,283,701
41460,661,568
40550,657,434
40070,444,681
40560,444,686
41190,836,583
41280,707,355
41180,694,484
41150,233,495
41040,375,493
41070,461,491
40250,433,491
41290,699,474
41140,164,715
40600,374,424
41660,463,685
40700,469,370
41340,436,675
40160,440,675
40770,703,609
41050,1000,529
41020,591,485
41300,794,603
40270,886,557
40460,474,670
40930,183,412
40790,451,681
41090,451,685
41330,681,398
41500,682,568
41510,465,625
40100,815,591
40650,536,632
40400,957,547
41350,469,273
40180,426,279
41680,866,389
40890,727,0
41310,630,578
41030,425,582
40150,374,446
40960,220,445
40920,431,442
40030,464,443
40040,445,670
40470,437,607
40610,469,299
41010,694,521
41400,413,686
40820,744,111
40800,536,657
40080,659,618
40840,870,560
40360,631,596
40190,310,678
40260,465,685
40880,763,608
40350,436,631
40370,458,681
41700,458,689
40730,457,670
41210,609,622
40670,552,537
41480,694,535
40740,375,543
40310,234,546
40220,436,535
40540,689,611
