41230,41170
40910,40990
40990,40240
40240,41430
41430,40450
40450,41170
41420,40080
41200,40770
41320,40080
40340,41380
41380,40880
41000,41400
41450,40330
40630,40330
41220,40650
41170,40190
40330,41660
40760,40880
41490,40560
40900,41190
40560,41090
41190,40100
41660,41090
40770,40540
41300,40100
41090,41400
40100,40880
40650,40080
41400,40190
40080,40540
40190,40540
40880,40540
41240,40550
40010,40180
40060,41020
40570,40670
41410,40490
40970,40920
40380,40370
40430,40350
40230,40820
40590,40670
40320,40490
40390,40980
40490,40350
40980,40180
40750,41280
40810,40470
40550,41330
40070,40790
41280,41330
40250,40220
41340,40790
41020,40670
40790,40370
41330,40670
40180,40920
40890,40820
40920,40220
40470,40350
40820,40670
40350,40370
40370,40220
40670,40220
41120,40300
41270,40300
41080,40130
40130,40510
40680,41700
40290,40940
41260,40280
41360,41070
40280,40700
41690,41400
40170,41510
40480,40700
40380,40260
41160,41510
41670,40030
40720,41140
40510,41140
40940,41140
40020,41350
40300,41140
41070,40030
41140,41400
40700,40610
41510,40260
41350,40610
40030,40610
40610,40260
41400,41700
40260,41700
40680,40850
41440,41310
40660,41220
41320,41210
40710,40460
40380,40260
40090,41500
40530,41210
40870,41180
41220,41210
40850,40160
41460,41500
41180,41290
41290,41010
40160,40040
40460,40730
41500,41480
41310,40360
40040,40730
41010,41480
40800,40260
40360,41210
40260,41700
41700,40730
40730,41210
41210,41480
41250,40400
40050,40690
40690,40270
40520,40400
40900,40840
41050,40400
40270,40840
40400,40840
40140,41680
40900,41680
40830,40210
40580,40420
40680,40850
40440,40740
40780,40150
40170,41510
40420,40600
40380,40260
41160,40730
40210,40740
40850,40160
41040,40150
40600,40150
40160,40040
41510,40730
41030,40740
40150,40740
40040,40730
40260,41700
41700,40730
40730,40740
40120,41060
40680,40850
41060,41130
40380,40260
41130,41400
40850,40160
41150,40310
40160,40040
40930,40960
40960,40310
40040,40730
41400,41700
40260,41700
41700,40730
40730,40310
